920
3292
836
3474
3682
4469
1128
3586
2198
1396
2784
3081
3104
1951
585
3151
1337
34
2913
2393
1226
4719
2906
2959
391
240
315
3863
748
66
1431
2585
943
3659
4778
4143
1430
2019
984
2745
3553
3078
2865
2357
1295
3070
3602
497
2563
4193
842
2054
3489
3234
1280
237
1408
1795
3526
2439
3952
3328
2150
93
579
3844
4823
4818
3247
4444
1743
4254
3895
4006
3357
307
4633
4244
922
830
2233
3144
3186
4179
40
3792
1466
2257
455
1089
2394
2181
2303
624
4102
1189
1675
1697
4136
1215
4620
300
1381
458
2710
1225
377
149
3886
4855
22
4703
2526
4000
2105
3973
4117
349
4157
4950
2591
3158
1487
4074
449
1191
2201
2541
4105
3171
2217
4794
2384
283
3200
4055
1684
1107
3937
1357
3317
3463
1434
1442
2994
267
827
1829
3439
1862
3777
4289
4527
434
4403
544
3932
1688
3388
2948
4332
629
4383
3825
2826
3801
2485
3628
3834
630
808
1300
2383
2643
1996
2993
1319
2934
1655
1757
2558
2339
1109
3738
2183
1212
4629
916
892
143
126
4010
3912
1941
4251
2435
2231
2888
3684
1302
813
4575
1839
4886
4328
3754
4973
4124
4283
670
4213
2818
3972
4616
3044
730
4536
1626
4445
1296
4685
2050
1334
185
1427
4078
3746
4156
337
4204
4868
330
4267
1761
1560
2646
4751
3706
2366
4763
1654
1993
3934
4734
3651
132
4848
1981
4716
765
3408
2769
4058
1373
2915
4538
3305
4708
4597
1149
3941
3639
376
4583
4464
3613
2519
3614
1385
1416
3201
3002
3878
2098
4414
4588
2340
3767
3697
3660
608
4622
3588
428
3743
257
732
3138
3003
4060
1789
2271
4026
3608
2483
354
882
4680
3484
421
3898
3443
1534
2677
1477
1377
4009
576
3670
707
4549
581
4308
3672
2211
2649
2072
1204
4110
4222
3757
2320
3669
3446
265
3707
4687
1858
1965
4545
30
826
1832
1605
1440
546
2817
956
1362
809
3806
1443
4524
2027
2431
1310
672
4489
2943
3784
4928
2905
4398
4870
704
606
1165
4350
4882
4857
1242
1939
3983
4038
4387
4532
2651
282
2457
3313
4746
2858
550
1368
114
4150
220
1256
3849
4637
4424
223
4404
4334
1458
2421
1681
4178
537
3731
3302
3649
4228
1111
797
4945
1776
4311
3883
1656
1553
3229
3843
589
848
4460
108
1780
4537
3021
3393
1382
1547
1649
4279
1716
773
3047
1555
3225
4720
1898
1386
1528
1433
2856
4291
1253
2630
1332
3549
2988
2597
2452
4188
2314
1787
3605
1154
3922
1646
436
3164
172
682
2162
1935
1931
3949
4765
1143
342
2846
4957
2325
4452
3277
3496
2550
2936
2225
4824
1120
3391
947
2354
562
1021
4709
2407
2034
3130
234
662
2221
3702
1298
256
3596
2873
1600
3881
1131
1144
335
4594
3719
2938
1918
4705
4901
2807
3925
2264
1347
2684
221
2779
352
993
3133
2301
4163
366
1845
1892
3364
4919
4820
2258
3590
3683
4941
2192
4501
3595
250
110
1041
3976
3720
699
1413
328
402
101
4427
3360
3678
1956
572
4151
1272
424
2076
4278
1721
2208
4522
3397
33
1087
3839
987
2729
4916
1749
840
4085
409
1194
1617
3851
2116
104
4854
3846
1733
1336
145
2727
1436
2335
4034
853
2637
961
1610
1550
2975
169
2680
2803
3948
3623
4837
1192
4041
4982
584
615
3643
2356
650
4303
1262
477
4077
1916
3188
2219
3716
2644
2618
2565
1384
2377
2628
2832
1341
4374
1178
3042
3324
2173
3165
2349
2311
2242
2963
1152
374
1930
4378
198
4832
2632
639
1972
4212
1588
3726
200
4264
4585
2124
2761
2371
3808
1335
2283
4556
3873
1261
3679
2249
1011
3498
4498
4022
2583
4883
3733
3072
2294
3376
532
230
432
4997
3143
1828
4073
3242
2895
459
2580
4841
3203
1086
1001
341
4691
994
4987
4057
2909
1565
2114
128
2621
4784
87
3216
1348
1927
2379
1081
1313
4401
3163
2308
324
3622
2667
55
3506
1050
207
1329
628
78
3729
4025
4240
1861
2448
116
2737
1177
4207
155
1360
3177
372
3961
3816
1894
991
1512
2681
4559
1814
4943
3045
2381
4947
3795
2057
2892
3541
2578
293
3860
877
3051
3117
3891
123
3691
2917
26
2035
3597
1157
2764
4673
2186
2827
4231
202
4541
3340
36
4358
59
1287
103
960
3175
3181
109
4516
498
1289
4653
4586
4590
2551
1364
3289
4606
210
3077
1202
2908
1997
3994
560
4470
4899
2914
944
2029
94
3112
418
1942
549
2166
1971
3708
2000
2281
2696
1141
2187
245
4985
2600
400
3457
343
3494
3252
228
3988
4954
2798
1022
2106
4951
2880
1736
1505
2295
3449
3695
1665
208
1631
3056
2825
262
2794
205
641
517
2641
3992
2058
3721
1989
1067
4996
2065
2133
2949
2912
4305
452
2113
4412
1669
4086
3444
614
4530
561
339
91
3564
1393
3353
2405
2417
2403
4788
1992
4037
4121
3584
1366
4658
2363
2499
2222
4152
3885
510
4752
2132
3116
4277
1327
3663
4336
690
871
1435
4555
727
4715
4856
822
2879
678
4792
4921
2647
633
1167
3493
2691
1967
3568
971
3153
2881
1323
3062
2244
3850
726
1662
2355
4779
2956
3134
491
1147
1117
379
3675
3601
745
3832
1799
1751
277
141
4301
1168
1831
2043
857
269
4787
2272
2799
1314
1638
2333
2533
2639
3368
2428
4582
3567
3461
4772
4768
1589
4032
779
3762
2347
1583
2941
2045
784
3936
3607
3572
681
1464
1078
2169
4029
2094
2033
2042
3251
486
2763
4994
201
3775
925
4626
4215
3199
2438
3025
1739
3833
3516
4035
3933
204
2235
4015
1409
1159
3168
74
1976
4502
716
1232
3140
533
1785
1691
2514
2842
4776
2650
4860
3040
191
2178
4181
4822
723
1311
1018
2810
2918
4755
1288
1803
3237
2780
1947
2957
3358
3102
1796
3650
1782
1696
1115
67
2263
2805
3904
2253
1517
648
294
4581
344
1988
1710
2890
4309
1609
3561
3811
167
1837
2382
2284
2516
1164
2266
3772
2793
3399
199
3249
2336
4717
2298
4333
3560
1558
772
1008
3154
4624
862
271
742
1644
4183
3275
1301
2419
4317
3350
3472
176
708
1511
3620
1973
1599
3593
3488
2773
1130
4713
125
1857
156
4438
1294
4399
69
3454
63
1437
4044
941
3996
3209
1271
1200
3178
4877
195
2819
3029
2323
1184
196
2635
2612
99
4174
3330
3491
4610
1085
3271
1634
4671
1208
4718
4002
3841
3159
2495
4894
41
3420
2629
4892
3909
1985
3965
2746
3013
626
967
1561
1742
3533
2540
514
4903
1268
1668
3161
1340
4443
4909
1700
711
2268
1694
750
1581
188
2995
3966
2297
4182
646
3395
3071
2690
1365
2791
1854
4669
1907
4155
3999
4862
634
2004
1516
2346
3804
1401
3142
2078
2454
4540
2256
555
2673
4810
2929
3610
3529
3101
3381
1077
2473
1245
1893
3722
1703
502
2142
4164
72
4543
1247
2869
1299
3005
4615
3423
4623
3504
2254
4487
2401
504
861
4337
2774
24
3810
233
130
4036
3971
4366
1671
4479
3861
1912
2402
4613
2967
4667
787
930
3273
1924
272
3926
2077
4362
1230
4863
2900
3897
1445
713
3403
2965
1873
3032
1798
4551
1747
445
2893
496
1482
216
3097
4299
1570
1207
4195
3087
2036
4495
1871
4990
1036
2463
1940
4869
1783
32
2744
415
2446
1158
309
243
4929
479
1970
2207
3447
2839
1542
2293
1809
4729
4570
2997
4013
3864
1621
2213
4971
77
3196
816
388
3959
3467
3288
2820
3577
4431
979
4050
416
1823
919
4004
4243
4618
4665
4288
4400
4984
1125
4611
4871
2686
2990
138
127
3054
1324
422
3238
4547
4864
3245
1635
1877
4092
4744
95
3356
1054
1525
3469
4325
4506
336
2052
3448
3818
2728
2860
3758
4898
1619
345
2977
2158
4063
4356
625
3770
2392
1519
2614
4567
2594
4659
1426
4021
1291
3265
4572
2615
2876
1623
3581
1794
4825
3094
2069
3648
2385
541
657
976
4849
441
1779
2103
3565
4338
2749
4076
620
4416
1424
2910
494
2061
4510
811
4614
1007
3855
592
2730
3232
2071
3911
27
3424
4638
1260
332
4064
2490
1155
178
3272
3236
2282
3334
1099
593
2011
3782
3050
1093
1496
4219
4118
1723
4634
4647
2981
2986
2671
3698
2107
1990
2129
962
2966
4681
2751
4722
2427
4491
718
3748
1181
1016
4655
4714
3106
1746
4981
4712
4995
2974
552
1510
1069
724
4455
4259
3814
3306
453
739
4210
2388
403
4525
4739
828
4223
1531
2921
508
567
4946
4138
1702
2560
924
3152
135
788
2852
1095
833
192
1910
1762
2286
1270
2120
1353
875
1308
4246
4046
3809
3879
2553
1559
1205
4353
3756
3460
4604
1928
2020
1405
329
488
2154
940
3020
2108
1020
3445
4339
4963
4158
4749
2592
4699
1648
2685
274
2861
3977
4361
395
4940
462
1171
1259
1503
1014
4426
45
4804
977
4395
3575
2277
280
2100
1278
4229
181
2290
3107
89
1448
238
51
2564
4199
1851
3414
2507
981
3856
1594
1174
2520
2292
4817
3257
2765
4742
4413
1027
1472
1731
2968
3735
2171
4619
3852
4033
4459
4217
1236
4786
2317
2844
2062
2267
4725
2672
4260
2622
4523
4853
3125
2883
2517
621
2047
3656
1102
4931
4956
442
1653
3318
1063
4241
700
1485
375
4053
2167
2243
3923
3805
4109
2081
1252
3039
1549
3874
2911
4509
761
637
1770
675
1406
4938
1801
3016
4031
273
1819
3950
15
607
1451
105
2479
2135
4233
2610
683
4560
2679
3347
4771
1706
3404
1817
1024
4640
396
1094
1410
3214
513
1601
321
610
16
1201
3450
3465
2676
4365
4758
4807
3250
2670
2853
4209
1138
4724
935
3007
855
1172
2447
4565
489
2343
1740
3458
3527
1129
715
469
2743
1322
1834
2886
3089
1775
2742
1676
4020
910
2973
2590
929
2889
880
2543
112
1713
381
2214
852
1850
3536
1627
3453
831
1679
3954
1234
4411
4944
2449
1481
4391
1883
511
397
3410
4967
2753
3771
4189
98
2465
1536
3058
3170
2714
1068
4760
1079
4879
1049
4482
4562
1187
2859
408
933
1950
3750
3259
2903
4227
737
85
3169
2095
217
4679
4694
2867
3430
1543
4993
673
588
4322
2361
1889
2425
4367
3036
3030
64
553
3742
1420
326
1462
286
3978
3481
1422
4507
1418
3967
2115
3172
4764
3342
302
3141
1582
2143
2992
4796
4839
4959
1729
4612
688
1591
4593
4234
894
3562
2849
617
4733
6
2306
684
1025
1838
4419
4184
3511
769
1304
1305
4453
4829
1339
4451
435
4468
2141
1585
4603
2762
1083
4728
1866
2688
2390
4196
3103
1573
12
4100
4775
4657
2082
3617
4045
1447
3875
463
4351
4360
2148
703
9
3892
866
3059
333
4216
152
590
3699
2871
2705
3578
2456
4933
1687
1895
3009
752
2185
3160
4177
4083
4753
4789
1529
4039
2601
1674
1217
3367
2875
1114
471
3053
515
4558
3882
425
3919
53
3429
1813
81
2815
1484
2445
4389
911
820
1966
2656
2759
3261
2175
1532
1045
2008
1277
2659
68
1136
1533
659
4146
3339
3989
483
1603
4139
1672
18
1843
4
1991
4926
4405
4185
2288
1958
881
3422
3515
380
2569
1146
3764
1090
65
1376
4980
1265
2161
355
3435
2776
371
4348
4099
600
2436
3432
2223
52
2899
602
583
4906
140
1682
1732
4851
5000
2194
13
1764
3534
1429
1999
2205
4292
528
3431
2118
90
1112
2012
1983
443
4225
73
4850
3146
2092
1759
3503
3001
3964
296
314
351
1061
1073
810
3438
1888
2703
3274
661
4458
4370
3812
4773
2611
1624
2932
564
1855
2605
3870
2795
4762
1051
2970
2562
1395
1797
3676
4169
4872
3119
3129
2443
3917
3531
2014
4091
1982
4449
527
4974
4425
2830
1978
4492
3737
2537
4605
1772
4382
2083
2708
4952
664
3098
4081
2920
3847
891
3821
3371
587
8
531
3573
4224
373
1075
792
4386
823
3535
3931
4388
173
1986
2617
2958
551
4016
783
4198
2833
47
4327
2935
54
522
4410
480
3026
3426
705
4180
1815
4290
1103
1955
3774
1009
1113
4805
1425
499
2627
1243
2155
383
868
4738
4364
2626
1403
951
2246
3033
4069
1224
2816
2188
3475
744
4865
2821
3048
2056
319
636
599
876
3975
1607
3658
1584
548
3901
2866
1065
1690
3279
1677
3962
4754
4977
3888
2053
1255
4417
1657
1859
3015
1792
3427
1248
1053
3611
2484
3661
3255
3556
209
456
3365
433
733
859
540
2055
3609
4372
2093
3280
3704
2474
574
4007
4692
2548
3920
1108
2887
2666
3349
4402
1518
3960
1227
2174
146
4266
1987
4503
696
154
1197
3221
1134
1705
4134
1827
439
1333
4915
4187
2177
3075
1361
4631
2831
2125
1685
844
4265
3728
1097
2675
1419
1417
447
2232
4359
3907
2480
5
3633
1901
890
818
542
4321
793
4075
563
3256
913
473
3069
4082
2422
3646
3713
2037
506
3956
2513
2170
4707
3776
4115
1962
2016
3011
3382
2040
1673
4418
1717
986
3585
4373
3004
2840
1363
3866
2
1293
2469
3563
598
949
76
2598
2121
1028
776
2582
211
3914
4043
487
2792
2075
3264
2930
1325
4232
299
4688
4320
3479
4539
651
4798
2868
888
4830
1033
616
999
4112
4270
843
2164
1266
1530
3389
60
2907
4148
4126
1150
3281
3370
4433
3179
3312
3191
2782
2756
1884
4999
3629
558
591
2500
2862
4273
1228
652
4704
3877
4393
2828
4171
4500
837
2038
4893
596
4678
604
1170
3492
4968
4380
4920
2193
685
3316
2725
3600
2655
2624
3061
3434
4781
1088
3074
4546
1179
887
802
2734
4989
580
3283
905
1575
4697
1524
4803
4827
1964
2721
795
927
4131
4960
958
3998
4544
369
2464
4295
1737
879
61
3631
755
2586
734
1390
1847
623
3286
3230
4349
3207
426
3837
4528
308
1126
524
4505
2376
1250
4496
3270
3314
2885
3017
2328
3711
3802
2991
4371
1285
2471
3655
4806
1312
4471
1292
1005
2786
1506
4406
2140
4176
3409
3692
2203
753
2571
242
42
2478
2085
2870
1488
3149
3902
518
3231
2044
179
1768
2623
288
3105
4059
1119
3308
4168
1953
1881
1842
612
2916
3345
2758
3634
2287
2608
4011
1282
4107
644
4161
4690
4316
4238
2960
3523
1318
863
3599
1923
2160
320
464
4934
725
1491
762
2863
2813
586
1546
1961
1389
3703
3386
305
3587
3828
1454
312
4955
1567
4439
3674
695
874
2451
4420
3091
252
3162
4167
4242
2493
4056
1066
1977
3612
460
653
2084
1728
3132
3202
4300
3109
2006
2552
2039
4808
3518
3640
4318
17
4175
2046
44
1004
3537
512
839
4625
2596
3287
3951
3263
2985
3241
37
438
4250
2359
84
4208
4811
440
4190
3065
304
2718
4761
3183
2424
3957
721
2547
1229
4557
3456
3049
1963
1034
3740
1744
2534
3309
263
3148
4520
4664
417
249
4902
1576
851
1777
2924
1258
4580
3471
4821
1586
643
2896
4526
1769
835
4914
4922
2063
474
1344
3768
691
1897
4564
2023
571
2716
3189
3519
3580
1345
148
4736
2836
1515
88
1724
1452
3441
738
2247
4342
2790
2549
2259
1032
4477
2018
1741
1276
3352
158
1404
3335
2139
3024
2274
1614
171
1281
654
4079
1933
1175
770
1354
4484
2368
1864
2777
3296
3554
1564
231
3913
566
1786
4269
367
4866
3974
1040
1810
4799
3121
2522
1520
982
189
3654
3115
2616
778
1887
2927
1695
1251
197
897
3664
4641
3320
706
1595
4326
4160
3636
213
3108
1307
3982
3067
3797
4686
102
4514
1636
974
2159
3618
2652
1030
2229
647
1680
4027
3753
2122
1180
2506
2787
1350
746
4094
1198
3332
1052
118
411
482
4220
3570
3918
4352
3665
1577
2566
4741
712
1602
4732
1441
1400
3248
3970
3354
3835
4142
2224
2874
3341
1704
4569
1331
1615
4875
310
3539
3981
2321
2026
4097
1453
3790
4028
1122
430
1793
4341
2512
2351
669
2546
4670
594
3014
2587
2574
2482
2843
1778
1391
2324
3686
3088
4275
2048
4953
3480
3555
4630
4263
918
142
1537
4607
4497
1952
4888
2031
1059
2397
1886
1273
4257
2429
4040
405
4017
2230
244
595
316
2536
4918
4355
1566
3789
2689
2064
3701
4218
1745
4128
7
3276
2437
3123
4070
4120
4463
3761
4335
3700
3831
1625
4684
1474
2104
3781
2604
394
2399
4757
3872
3375
3028
1035
485
3043
1661
4518
2310
2648
2196
4908
3552
3348
4047
1719
4154
4422
3938
4643
4895
3060
4842
2797
3547
1574
2599
268
3668
799
1622
4927
4521
4534
2087
656
1163
954
900
686
2502
1070
3090
323
4114
785
3785
1283
4274
1906
4743
2079
858
3990
184
1315
2003
2270
1686
4103
1342
1969
4568
1712
1423
1470
2726
2955
622
942
3000
896
4052
3135
3688
1210
2373
503
2236
2134
4747
1878
1872
239
4652
303
1015
4584
1118
279
2433
1497
1709
4639
203
4986
4845
1328
3418
4354
898
4988
3528
1647
4833
322
530
4876
854
3487
1071
1667
157
2408
3813
3598
1896
4644
4548
3657
3041
1375
292
719
226
413
2109
1840
1639
3747
2472
4553
281
1455
4235
4646
3927
1461
1611
1176
3486
4515
4533
3969
519
4925
1139
759
1628
2923
2130
597
1670
3269
4663
4466
348
327
1711
1725
4937
1480
412
4911
420
1944
3254
4965
758
3034
3910
23
3827
4072
1915
2227
3018
1492
334
1909
4480
3935
2204
687
3362
3984
4561
359
2151
139
1370
1806
4252
1598
2426
3791
789
3383
1540
3363
3385
2329
2980
3667
3853
4276
2074
972
869
284
4656
1057
2940
2460
1306
1902
2296
3848
2344
187
2999
3440
2326
1664
4917
665
2458
3730
4706
1221
3826
19
4239
2455
2090
3645
632
2386
2157
575
4415
1257
838
1784
904
1974
119
4475
2051
735
2556
714
21
507
62
393
3156
136
2845
1218
3867
1048
2901
2152
1264
3760
2110
4831
4617
3693
3524
1643
2319
3329
2822
1541
1984
2731
1914
2775
3213
134
2575
4912
812
4828
2030
107
454
4135
3780
1038
3217
43
2535
4813
2123
3290
2593
1135
1592
3295
2719
3233
800
4003
3915
3333
3858
3709
2572
3517
28
2002
1899
235
1975
495
2444
2190
3093
2289
3884
1836
4481
4504
2771
4843
3615
2163
4939
1904
2179
1092
1630
4490
2919
883
1161
2136
771
4949
2657
2191
3008
1444
3987
161
4467
4302
4314
1856
4970
2430
2487
1493
2509
4859
365
1821
709
2199
278
2823
1110
2668
4054
2559
248
2345
2380
2724
4170
186
3908
2544
3505
212
236
663
3483
4627
3544
2712
2337
3037
1853
1387
4093
3594
1463
1017
317
2364
1380
3592
3411
2009
1467
3500
914
1316
950
3718
4964
4880
3579
2411
849
3759
4434
1047
3337
2926
2168
4390
4256
2682
4125
845
955
1523
500
873
1788
1781
693
1499
3185
2400
2280
4024
1044
1911
895
92
2757
1960
645
2028
1123
2285
1046
470
4598
3953
3894
4049
3559
247
214
1659
3266
3131
953
260
29
350
4535
928
3546
4294
2996
931
3616
2577
3187
4271
301
4566
2312
1195
2025
1343
3068
4201
627
2299
3298
3113
4381
1875
1055
2414
4651
2375
3507
3589
2248
3205
740
347
4307
4726
475
3749
4660
2683
3635
3991
165
1275
1868
821
1459
79
25
2722
4961
4440
4306
3253
2099
3530
2269
1231
794
983
484
2969
1544
1483
2946
1317
3226
1193
3900
2315
3182
4080
4344
782
3122
3204
2606
1727
3220
3714
966
117
2837
1494
3344
968
2701
3945
501
4745
1802
4494
4897
568
3260
2739
3166
4159
1127
1105
2197
2396
3369
1185
3591
1029
2007
3955
4890
2588
2073
556
2998
4065
2370
3428
1101
2245
2545
1106
668
2884
1522
174
3336
2521
384
3155
3509
3696
2262
1183
2697
1432
2983
4923
2367
1949
1767
1880
3083
2032
4723
1580
2767
1100
38
1254
2528
2434
3184
3304
4801
3842
1734
3012
2809
3495
2891
4214
1651
2172
2278
298
3751
3466
3331
3145
2240
1616
1072
222
3416
3027
100
4116
1870
2360
756
3545
153
4936
3752
578
804
4287
4759
917
2415
461
490
3380
259
3582
1830
2215
1355
4797
4983
190
4319
3887
4363
2741
358
4408
4018
1774
1579
886
1722
1526
2391
4191
1730
4172
3903
4111
2925
1058
2747
4476
2195
2707
2752
766
3502
4695
3893
48
2636
291
4304
2010
4030
2808
4815
791
4563
1968
3793
1922
2584
2939
997
2365
4486
2699
1571
4369
4878
4253
2961
864
702
1816
340
3055
476
679
2088
398
1545
131
2097
3297
4674
3124
4782
1707
4577
1084
4816
4948
4377
3359
1756
2251
1388
170
1750
4012
1995
2602
1876
1402
992
3485
4889
768
2706
297
4019
3685
133
229
2305
3212
798
3425
2228
4071
113
1554
1216
3176
382
3244
1760
1865
1527
3150
2619
757
2987
1411
4513
2732
3373
4247
3939
747
4186
2066
899
1538
3820
1003
2041
3637
389
3694
1689
3076
3603
539
4884
2461
472
4493
2387
4122
1846
4137
3398
1860
3521
577
565
825
692
2857
4205
4587
215
2804
902
3325
2389
1504
3063
1604
1948
4689
1919
4649
1082
3219
3206
3725
3783
175
4766
4323
2127
4844
56
437
4592
3052
1023
1632
1590
218
4249
3315
3896
4574
1116
3080
1456
2693
2420
353
2508
3064
1080
364
4819
3794
3387
4650
3778
4313
2153
1748
937
3739
1475
3520
3644
1900
183
3724
2362
3419
3985
4483
3889
3765
4005
3689
1438
2568
287
2202
658
4693
1489
2327
1140
965
2953
4008
4608
2459
444
829
2467
3619
1156
4141
2413
975
557
3641
1678
521
3836
2711
4428
3082
4357
4774
601
3490
2200
2902
4942
534
2291
3876
952
10
570
3394
1186
2239
3779
1026
1039
2665
4461
3167
4700
1056
1279
1663
523
4042
1428
2086
1826
3788
20
1714
492
1190
151
964
1274
1244
872
1620
3652
2978
889
674
2555
4621
2848
4106
325
4343
194
4998
1833
4200
1666
4826
3300
96
3095
4149
3396
980
1369
995
1807
2184
4298
1613
4310
1735
4602
3227
3377
1124
2700
2059
225
2374
2698
2250
2331
4450
423
1752
4062
1137
2395
609
1394
3110
1297
1718
1755
2754
3197
3173
2530
1469
270
884
313
3417
3712
680
4750
3880
3532
2982
3137
3038
3412
2486
2511
2318
1450
1763
3807
1699
86
777
3210
4904
2945
3111
3621
481
3916
3677
2147
50
3854
2950
361
1151
224
3190
2279
4144
3566
2117
1738
1241
509
2067
1708
3727
689
3
1597
948
3392
3228
180
2951
4885
2049
878
2613
536
4084
1535
4407
111
1371
360
1568
2149
3223
2709
1359
1926
3540
4280
3673
4166
120
4596
1771
1587
2180
1903
4397
1507
559
1929
3508
694
582
3958
4846
4485
631
4731
4531
193
3477
306
2527
2898
1352
2352
4347
4812
1098
3963
3476
362
4589
3343
4048
14
35
254
4552
2609
466
3638
3766
1346
4435
3278
1578
677
4441
4127
2524
717
4197
1509
4785
1060
2145
2126
4014
4519
3510
1222
4676
2476
2497
4113
3193
3198
3157
4836
378
3569
2561
2252
3968
4448
3282
3980
1773
2796
2209
3525
847
49
1917
3436
3924
2772
1414
729
939
1500
923
276
3745
2418
4098
2733
4702
70
2089
1852
3624
749
3240
493
3390
907
4576
803
1726
3744
4992
1239
3869
4835
4666
3642
1421
2838
4194
1213
1885
4924
1562
4777
1199
4767
2137
2022
1548
573
2300
4101
4642
3550
1569
338
446
3303
1460
2976
790
3906
1994
3478
2692
516
2353
206
2523
4809
3284
4409
3787
4905
386
3993
4780
4601
1980
318
1891
2309
275
4067
3838
3815
4711
448
115
4437
649
2021
2581
3079
619
4769
1043
3099
1521
934
3558
525
2348
1142
2625
3786
4962
667
1754
2660
846
1683
4268
3073
1658
4932
451
996
3522
1514
1652
2931
4392
4668
2060
4887
261
1398
4324
3979
1121
1822
2189
3322
3830
2216
1844
3208
4226
1849
4147
2341
1338
3239
2855
3942
903
3235
743
4578
1358
1805
2068
3311
3715
406
2131
2922
3437
815
4672
1804
4632
3468
1031
58
1091
2829
1148
4284
1162
1921
3632
1153
137
1945
4740
3705
1002
618
290
4297
1374
4262
3736
4090
973
4119
867
3627
3462
1946
1563
2573
1
2542
4677
3576
3455
1820
3687
129
605
82
3798
3114
4394
3326
4203
1502
1286
4272
363
1196
4991
2441
1824
4838
2515
1791
2634
4599
3010
3401
4285
1920
1936
166
801
4330
2510
2834
1019
1476
3732
1267
4550
1645
2778
4478
2017
2338
3211
4095
246
1349
2128
2607
4061
4579
1882
4802
3421
2640
1874
3366
4756
2557
1848
295
3473
2738
311
2894
1867
39
3268
4595
4293
2755
3319
2663
3723
4457
1235
1465
3378
2620
4770
450
3890
4748
3940
2989
2633
1934
3147
736
3372
3406
720
4430
2372
2504
4499
1552
1593
2475
4795
1206
2554
478
764
4783
3803
860
2442
2735
3501
2024
3822
912
4910
4089
856
1169
1145
4654
4123
1240
4847
3361
4133
4979
1863
2350
2964
3829
427
2330
4296
1237
2015
698
1478
1166
2358
1203
2532
1890
805
796
3218
3092
3415
4730
932
990
4429
814
969
2654
429
2942
2897
80
1269
1486
701
1633
1932
2138
4858
1841
3128
3671
2091
3551
3222
4727
957
1641
3046
3606
124
885
547
2302
3355
4465
1378
2715
1905
4814
2111
2013
1303
2176
3542
3995
3571
258
978
870
4867
2398
2878
1132
774
1321
3100
4675
921
1811
901
1074
3301
3921
3513
3862
3338
2332
1572
529
4701
3662
4930
2496
731
2316
763
4696
2260
2492
3538
2218
1010
2462
865
4104
3690
253
3096
4312
1720
655
1758
2567
1596
4282
3857
3929
4958
4698
2811
1660
2489
4346
4221
2904
635
4446
2119
3433
3763
728
356
4447
4340
1000
4462
3512
46
1379
370
4721
4474
4978
3680
2694
1508
760
3384
2789
4800
2498
2144
2538
414
4432
1188
3035
3647
1412
2851
1290
2664
908
3400
4512
4206
1479
3379
1330
1698
4662
2979
3769
1869
4436
963
1557
2005
2342
2802
1954
722
3625
3118
1449
1468
11
1937
399
4129
4975
4345
1013
1925
3947
4972
144
4542
1637
3413
4331
538
4511
4108
1812
3557
4192
2770
3291
2273
1246
4682
2781
4554
4508
3293
666
2947
4145
2713
2579
2736
640
3084
2070
2412
3930
2687
2669
1397
3499
3944
4286
3681
3840
2265
3452
2603
985
121
3773
781
3543
2531
4913
2785
241
2409
938
4162
164
2788
3346
264
4379
1790
2101
3031
457
2928
2001
2645
4571
1808
162
4645
2112
106
1938
4791
2638
1037
2702
970
419
1957
4385
2453
780
4315
3817
2653
2678
1943
642
893
1471
1693
2505
1309
1012
946
3604
4790
1539
2723
1490
832
2850
1006
2952
4255
1133
346
4896
1825
2156
4237
4281
3402
4051
2835
83
1263
4891
4852
4236
57
3859
3194
1692
2468
1372
1913
2212
535
401
569
4710
2642
2824
786
4881
1498
2304
1753
3824
467
3174
1209
4529
613
3321
2589
1407
2241
2882
751
4573
2238
2410
1979
1249
1211
2801
1367
1556
4421
3997
4591
2334
2984
1998
2165
1618
2760
1606
4976
4245
3374
4230
3126
2146
4861
2226
603
2096
4636
1415
2576
2491
1351
1473
2847
4001
3139
2369
4248
998
1233
3285
4165
4874
1765
1439
3899
1650
3299
3482
4517
841
3294
4661
3464
2210
3243
2595
697
4456
2470
1501
2432
1766
2864
2631
1219
2806
4096
1629
2466
554
2704
2814
909
989
2488
3224
819
4375
4609
3022
3986
2525
2313
3451
431
775
2276
2406
2182
2695
2494
4793
2717
3180
754
150
936
505
3819
2933
168
676
160
97
926
2972
2518
4472
638
1392
1495
266
4173
2720
1096
543
182
1399
71
357
2220
3310
3323
465
4600
3405
4261
2450
3946
147
2080
251
817
3823
163
2416
1160
3120
1223
3734
3514
3871
3800
834
3845
1104
1908
671
1457
611
4368
1326
3195
31
2854
2674
404
3717
289
1064
2971
468
1173
3574
4969
368
1612
2662
2440
392
1042
2275
3799
177
4907
1642
850
1701
3246
232
545
3407
4442
4635
2481
2322
255
1835
4473
4423
3905
219
1715
2872
3086
1800
1551
2423
4068
4384
2740
4023
4873
3085
2812
3653
2766
2841
1383
520
407
906
4258
4376
3865
1818
385
2954
4396
3258
4737
4066
526
4935
1220
824
4840
959
945
3019
2255
2750
3057
4966
2783
3023
2102
3548
3497
1446
1062
3626
2877
3630
3741
410
2748
387
390
1214
1238
2529
2206
660
1182
4088
710
3215
1356
4211
2661
331
3755
4488
2261
1879
3710
1640
2658
2234
4900
4132
2404
2944
3868
2800
3470
285
2501
2477
3127
2237
3066
227
3459
3327
3307
3136
3583
767
4202
741
3943
2307
4628
3006
4683
4130
2570
807
122
4329
1513
3442
2962
2539
3796
3262
2503
1608
1076
159
75
3267
988
4648
4087
3192
1959
3928
1320
2378
806
3666
4735
4454
4834
4140
1284
2768
915
2937
3351
4153